2144749607
2997719332
3266073575
1214219230
1640376730
1311967407
2247664327
1742566624
2953540743
1671386130
2002435741
1958955537
1653255165
1618051664
1445937283
1263387643
1097414213
1668244557
1220291284
1510619033
1739764751
2641686425
1889213710
1640601392
1908195982
3200285974
1806128454
1700720163
1325512781
1642591402
1907888047
1192329374
2422450644
1182389073
1763582395
3652740172
1446475417
1684232061
1198367585
2288577367
1791971783
1653603955
2247686857
1974808274
1819750005
2803301701
3461350924
3037386357
1805993762
1792525333
1406387602
3270699555
1638782947
2410424073
3243605871
1215347692
2709841535
1907538200
1499104401
1593933550
2134724571
2371775967
1988800805
1651428902
2707596944
3746996814
1974576991
3096705915
1827652007
2181581925
3300923984
2710739767
1350995007
1272651680
2299558851
2029493004
1904076570
1935084477
1494720324
2661022801
1935416251
1644307977
1661598840
3297162173
1769200975
1656180240
1703612533
1790155134
2381693902
2309846073
2525235360
2525636520
1843749702
1033823051
2011827311
3102105354
1036292481
1750304462
1283201960
2734702360
1870462623
1189591617
2556960375
2006118263
2165372481
2530092075
1807379142
1189615035
1078577997
1611864142
1314608344
1218478775
2018767391
1663937380
1751124681
1585354514
1635764393
1968863541
2054067633
1642512402
2075636451
2105426467
1775895885
1640571365
1763251165
1497087080
1403078180
1644489953
1887344341
2379004633
1884475047
1799201635
1215031834
1100645035
2930031072
1029374230
1263406744
1805484637
2235090235
1893801487
3224228343
3750233317
1642088277
2799368122
2623459265
2300420231
2721237781
1840604224
2167340422
1649173367
1193210930
1419517335
2771032387
3657270384
2141760997
2335953143
2996395094
1886119941
2882211720
1777045267
1683472301
2004443102
2145494291
1737979690
2395064247
1231759973
3299094722
2100051692
2886322374
3313032925
1653702244
3723976374
1639498782
2709577332
3546697537
2844822551
2490675833
3154810532
3229979267
2631465747
1587303135
2778007447
1987543647
1736499131
2992051775
3629406085
1100993473
1216766752
3222892134
1644250693
1798102155
1956025337
2718394531
3764150473
1414148492
1233488674
2991206810
1883596033
1212812142
2625481001
1258259602
1501634660
2759526793
1471234522
1922196194
1832447572
1947335820
1748872945
2010892803
1367797340
2359889605
3486842964
1877910804
1682207150
3194187021
1672097180
2719276463
1599102507
2993049293
1971861621
2304804162
3305455584
2859759690
1430200040
1646426242
2080983980
1644648333
3632546157
3166019221
1665808371
2240817632
2505955900
2012572483
1921676625
1993355602
2595093904
1649159940
1217330363
1014268115
1747514927
1701401324
3197077575
2342024544
1667422442
1735047885
1496827232
3171805681
2852799805
1780560607
2117355594
2836883273
1650111241
3312353421
2335769290
1922642433
1653460650
2562810123
2615417307
2757587374
1228968973
1645578093
1093622153
2554846291
1358776365
1662214194
2411842134
1364060197
1226668235
1660208622
1773525641
1730714982
3536874763
1402310184
1499015544
1965556845
1002861732
1886643894
2720880354
2205892054
1909068101
3298695424
2683843043
1837687634
1146513833
3212498035
2685224381
2971141411
1930108131
2705393843
3049817110
3589023880
3735428147
2381967373
1402138343
2275461737
1222430350
3160599505
2263972354
2549228714
2212602322
1228977142
2514873293
1795552102
2727048505
1901967554
1887790981
2801594160
2529768302
1589353923
1645101450
2131445654
1771123430
2280198017
1914980182
2796182760
2672455113
3240953942
1724749673
2679361794
2019894782
2863304174
2620218305
2461535184
1875034341
1708623367
2311694415
1567762360
1960785875
3484121794
3188186580
1979438524
2721342643
1721131891
2892376557
3746548747
1913564780
1750067330
1195347197
2116360765
3751089502
3542550035
3768991691
3657018367
2033175114
1764222885
1749127163
2596716014
1214537222
2400966427
1008556891
1684322821
1762436132
3442469444
3472672822
1372369381
1655746665
2647349703
2031482343
1667925927
1677126410
1282055332
1662764887
1703371307
2423228220
3128119607
1152531173
1158518402
1654134123
1641532820
1677991972
2732055990
3241761470
1823666542
2375086267
2628672281
1403497553
1790617925
1247063043
1774199511
1880174025
2286908003
1862105874
2774905435
1702256817
2019432361
3256786771
2568005611
1995786393
1793780950
1744716700
3715616014
2036243493
2788707944
1195210033
2110167047
1848948174
1644330853
1384952882
1670363364
2476458562
1299654943
1645005104
2566928273
2731308807
1655444627
1210558765
3229125510
2810510185
1689733000
1789834424
2739165087
1265020392
1404928432
1646051850
2268213570
3429137830
3557268171
2355198873
1610436341
2177689595
1270468784
2105572521
2917855455
2775453592
1192966660
1316949123
3211278032
3699288685
1761179351
2202911004
3266304833
3196870392
1976402261
1670697373
1873590803
1658768790
1733360754
1660811367
2617876865
1269923485
1727359102
2693166101
2560339090
3288875501
1867170291
1554495201
2281966973
1855753757
1280289893
2559830984
2250108614
1946798710
1644114654
1704832685
1816011541
1494819104
2129694924
1271176380
1649132443
3210623275
1678402437
2037273137
3461946614
3750564327
1311638860
1794262205
2278892160
1036417300
3505707324
2656274875
1497882593
1771140437
2617342434
2121508123
1858736320
1691761292
3278512437
3008065865
1304332497
2372205997
2174847535
2302591120
1884245222
1661690134
2248789552
2356775577
2948738352
3062287903
2351717382
1670702637
1773468994
3201529063
2490734504
1229361080
2176270443
1699540307
1742460685
2289790874
2569975474
3488158204
2377120280
1418056802
1720084970
2377587254
1344899735
1733770795
2479917354
1731889735
1596329427
1678843974
1663045971
1822155333
1920061532
1707314224
1408848023
2037441407
2216114891
3201314794
3549204293
1923210664
3180544263
2130784705
3306911303
2899230143
3685615842
1796566584
3440740422
3218506902
2273148644
1561015262
3689493785
2930744304
1968047063
3668293823
1460681635
2709366843
2860998382
1223178222
1713926427
2182038504
3291478342
1726847380
1736407257
2686904145
2356107171
2665704093
1980016540
2967542363
2560567121
1822299354
2411838840
2431328567
1419172372
1047999430
1981762175
3608663131
3488430213
1684069571
1729637993
1225314032
2852729572
2750214067
2419673194
1375964480
1698233740
1709157165
1463781912
1238019837
1534939700
2638974167
1851912647
2247895304
1462163072
1282005885
1249159055
1437137330
1647497355
2047893792
1699671691
3180324770
3552113990
1649469284
1662264967
2219227283
2789168643
1886321563
3754288172
1912418133
1975199075
1235554493
3348389744
1909808284
1941404773
1772333481
2548067870
1791121141
2367563541
2827426497
1496070307
2813715594
3514363544
3277323647
1231497895
2713118551
1171109743
2694505225
2047306674
1780591201
2752172261
1771665174
1609735332
1765259063
1762719777
1776723323
3199236450
2618671427
1990041580
1342829361
1828619343
1906451387
1661679151
1766430570
1803554510
1895431523
3248219402
3266486561
1830442653
1609734732
2494236753
2460549582
1502150350
2273632095
1721726770
1607977454
3123188665
1812671331
1085069695
2794074682
2941830181
2441950721
1854491491
1234849602
2044467983
2214542774
1717857481
2184728493
1780808275
1771189623
3179160171
1237359237
1863185713
3097939193
1964473772
1668928944
2510850203
2356359433
2181597154
2757194002
3568404205
2504433601
1402060174
1851842215
1973827952
2780821631
1746274673
2147096350
3217416131
1978288154
2560432091
1981942780
2942982592
1656831930
1794821041
1659979575
1353785527
2674987197
2184374343
2230033555
3617041517
1195231190
2874989271
3232664474
1729013651
1444865141
1728892794
3205735835
3072878360
1267114595
3239259837
2356423042
3100377355
3199739801
2879470994
3175660207
1686262844
1281021921
1248284645
1109706135
3739252607
1834368472
2219088342
1764734391
1786822605
3258716440
1676160070
1142648704
2301726604
2099805081
1563926367
2153773471
2615582781
1214199295
3608796393
1848090933
1837869620
2302292872
3318902594
3284252037
2416988730
2093492691
1866495031
2011264424
1295609983
1954925527
3580163954
1847582585
1733787604
1197362373
1943042910
1764452651
3757445780
2988136341
2612983430
1810600550
1793285524
3002276021
1644395354
1814849812
1663026093
2305056670
2096684867
3299288240
2632236847
1644881682
1283431191
1932806002
2432802621
2050930900
2646367831
1938610630
1548157754
3119709724
3396615712
2964493453
2073301241
1314637182
1195230310
1883755252
1970376053
1825021343
2678672291
2414453871
3183435470
3125046087
1977460817
1912150611
1698898213
1559735653
2338225900
1863337381
3190392270
1345954144
2438265760
1670645393
1645903643
2102719862
1895964183
1498396803
1651938082
1931775031
3310583612
2369553407
1737961042
2481488117
1235440077
2557375422
2177052380
1458904071
3556669923
3156072283
1142874394
1971729447
2921243440
1905375702
2459624933
2615059833
1694021242
1734530730
1251372271
1458866067
3329910664
1182391231
2990660477
1731906254
3031684111
3617257224
1887550733
1653202503
1698229264
1807715644
2707908430
1686546714
3235640192
1404310247
1195818302
1642294753
3646173124
1189729754
2342318502
2461537913
1584426645
2202927014
1267454277
2068135397
2653625900
2419062270
1649470535
1668589317
1065618283
1764802791
1959831683
2438467242
2100935051
2699566192
1284032347
1765349314
2622056220
1684012053
1958321657
1914968755
1362872025
3226840931
2736349024
1372391882
1356168623
3748870964
1820511431
1731986465
1509695984
3731251221
2656174421
1663148275
1613496541
1966506231
2951180402
3053041201
1098736570
3158071460
1663969811
3524672677
1780417033
1509603932
1510017057
1970643633
1242114850
2480662481
2170350917
1592917513
3749847281
1801487174
3200440700
1036120494
2431433820
2637926333
1702771281
2133781844
2094022941
1896672393
3288299524
1796017044
3709083307
3471566330
2636820415
1197069394
2332264915
1870530032
3215652642
1989660417
1906530875
2165618650
2405540065
1654500263
2099113022
1698801702
2948450495
2671624905
3290881611
1907556172
3061100843
2904303971
3516820310
3473382672
3736432054
1548403217
1636356690
2132734472
3508612897
1723524524
3732535430
1267527155
1690514813
2837356507
2304414812
3573764515
3729997100
2283406765
2025194057
2295212914
3769892922
1721410501
2372988170
1686474312
3647463361
2356107261
2201667014
1965891480
1752863270
1827541675
1254139301
2929036870
3159220202
2189611015
3575186384
2665738853
1262716254
3175583574
1787433323
1928277187
1191220232
2028652245
1762696131
1883881851
1098552261
1858830410
1221045561
1417900384
1911261094
2243807243
2401386155
1397407952
1135520725
1802485367
2873906680
1727568051
1915671961
3214304635
1390470392
1420269330
1862425691
1220218113
3665268012
1741801024
2952668222
1649155730
2853016445
2521437284
1686709997
2238243622
2559434553
1832600034
1278057770
1769985364
2951346214
2538452111
3212335057
1730311652
2302787264
1074927413
1719675453
1775214461
1997544897
1269498495
1496896072
2687299131
3714118545
2719760581
1679180775
1707550747
1733797060
1283022704
2154672465
1712155722
1765373140
2179204265
1644625840
2230267127
2697649164
2217056833
1247985615
1704819467
2095611192
2876680430
2682882233
1890784543
1648728067
2293415165
1644948230
2302663124
1565367931
1658704130
1720962692
2241178215
2549578244
2627997872
2612183504
2177015850
2100802745
1780676151
3564376191
3579344034
1731930915
1875436151
1710763511
2759675731
2189718031
3040891885
2507912842
1868140753
1461585341
1369714780
1197161814
2185004872
1594590224
1904228041
1848377691
2653412901
1708739134
1301827287
1924083427
1896650227
1268642527
2683689883
1961718870
2726223703
2643664903
2272673994
2340145481
1653150224
1808720250
1416213437
3220154855
1856337970
1912194797
2850133981
2093087137
1423399452
1642634100
1885107951
1645090081
1773101235
1774987535
2110231897
1234865357
3750573745
3183040584
1550610524
1402271902
1685057557
2798510462
3121654361
3767726125
2356298087
1937649537
1658879033
1803604153
1296738653
2588129880
1628679672
2097152664
2976182600
1729908110
2534346294
1260635850
1906604475
2150433440
1792702427
3230521602
2600101181
1265965213
2419148663
1490832227
1749205637
2044004011
1252036043
1886218413
1271208961
1653689003
1467456304
1237062394
1904769205
1803482105
1265057942
2489160742
2249073854
2788387727
2030371897
1611082224
1301104761
1945735110
3186579897
2277448183
1697601814
2609182255
3044895707
1477045392
2171708941
1680078915
2510278004
2118455685
1786152174
1891310810
2582070757
1785361073
2430259303
1595991457
1853358190
3311787541
2144684673
1644307787
2663751563
1890174912
1787920531
2269710922
1578839965
1259242664
2709395887
3180541260
3681114793
2273725041
1445480391
2682546440
1687429295
2647993557
2058812214
3280796563
2251091254
1323527941
2191437681
1789196963
1252507603
2344505093
1723343590
3430417790
2832585340
2934500525
1718455577
1251950604
1804148132
1768321020
1517916214
1178300282
3399290080
1656818114
1689512012
1928013483
2649395611
1668695260
1939050543
3430280212
2318703757
2569981472
1938991620
2528911813
2051896360
1336385675
1647088211
1497418902
2421430583
2172653252
1282099224
2288740481
1237636592
1347672615
2534616035
1588229962
1216389740
1667824141
1871518254
1134743593
1869981543
1742316655
2273198724
1660452532
2268916473
1028558683
2921772470
3538002617
1665233631
1933103553
2636581383
3765060954
2093279907
3641513235
1890124614
1736715493
3143559354
1013359520
1212109743
1981269167
1978146222
2677294751
1832164463
1219494175
3765164237
3731356974
1809270140
1969828032
1881621841
3037322384
2267147875
2695180992
2571217862
1770607377
1341360034
1864008984
1759146775
2016321571
2778436262
1892793683
1703540563
1888865242
1998889880
2901072261
3639558512
2590508324
1761903595
3672979367
2493728164
1407332853
2010286582
2011569814
3732461054
2301834954
2896711962
2180928624
1564671237
2511374963
1663010745
2689377414
2073115787
2496313510
1595922200
2097225683
1100856704
1819738223
2649104997
2417346470
1316796270
2516316500
2268291041
2757967330
2459021843
1769194865
3625717393
2020602205
1865020512
1751725201
2309911214
2711511694
1744259092
1718410273
1680430844
1220550997
1319406760
2730989055
1788599750
1642482194
1977004563
1910219773
1250150164
1744768687
2368678562
2174882187
1179630143
1963521867
1417961787
1841391791
2035003642
1912380387
1934303255
1841203302
1906134902
2480146047
1700571362
1834257951
1717961527
2480662377
1814857964
1660521332
2505914071
3211674253
1762689564
1982715135
1773477781
2976329405
2144762493
1773489534
2323766030
2572136070
1671741081
1640494672
1317477903
1009362117
1997946033
1654796774
1894477791
3753771570
2067756135
1351358727
1751892411
1645357492
2705390623
1808545011
3512321545
2184258437
2530813523
2415536030
1611410253
2809703245
2242712283
1822307363
2048774442
2455824963
1979770173
3406931744
2049368710
2413089695
1611935011
1732472555
1675469405
1643855993
1879735652
2033609447
1685719314
1747534564
2125053993
2594720547
2261583734
1457478803
2085833721
1590298433
2106100467
1652161733
1924879735
3638164040
2309623245
1730918987
1771918757
2823680574
1863354685
2714150531
1922575435
1885695252
1758644665
1785931024
2260984575
2175091975
1798209111
1022866242
3233300320
1253244757
2169309165
1563389275
2928024547
1050647232
1895344625
1065453995
2817653553
1665256992
2150318202
1717833412
3679971003
1961880982
2827102952
1719022155
1952772334
1954678002
1656809190
1747366741
2168689834
2540187460
3696741057
3744069431
2569274225
2118226907
1264674527
3214103137
1858865470
3196940602
2975035413
1400776392
2853468784
2250726962
1407728082
1814968094
2513093864
2290416484
2547650290
1288915263
1750591023
2811928535
1868516374
1686300145
1782966774
1774477863
1589251397
2114438704
3708015133
2564708123
3713282045
1456208452
2205301515
1879652317
2972484077
1737273001
3205587074
1659560734
1894383393
2085372717
1557692893
2436008847
2516268461
1867066533
2266324871
1182970047
2098074252
1814975931
2011738807
3088704885
2490713410
2830899680
2802055883
1854000091
2118853301
2183570524
3535242221
1930168350
3167305545
1852361855
3553021832
2684764381
1334984103
1898722813
1681407617
2300716454
1698243607
1865979352
3769487603
1696763480
2655639751
2730881795
2366586964
1774174351
2027335320
1852931021
2230913455
1614064154
1254470047
1956701907
2145115883
2179589753
2137434760
3437624920
1679134521
1761731257
2099704530
1797917030
1863613764
1658990180
2759706723
1881301247
1288051702
2281780437
2288486705
1640337222
2274928514
2648161933
3053381063
2467702924
1994811591
2543736810
1900401847
1857331490
1743951792
3547327664
1634600000
1490902611
2332527200
2033762663
1822033262
1971802273
1638781994
1642303391
2243861694
1603143252
3268947881
1901698813
2013986274
1511944123
2029313093
2810373291
1893766820
2006277991
2304272537
2599371627
1827314597
3537276902
2703514651
2420259703
1716749325
2811035354
1859205502
3146538651
1805087952
1850235592
2207302915
3750696660
1831455531
2567651247
2564786364
1774173043
1805579930
1252373132
3197075467
1822049860
1829973974
1820087622
1810465684
3184284784
2083119675
2612799563
2622502553
1865992020
3244928152
1773283005
2606630821
3199485481
1954029781
1957606191
2451582882
2660887637
3602646120
1453739605
3684176921
1752607110
2100925373
2088362623
3171701440
2685529754
2587240837
1990309453
1785171113
1740936973
1781627265
1815069605
1245790844
1757128147
1887473260
1241598157
1910612930
2171471324
1927356340
2550012992
2124241201
1877789354
1613972793
2149069737
1723216063
1197934181
2045171897
2649443551
1737522625
3537064327
1647315035
3333914822
3737207951
1298327915
2139885703
1926889203
1213236527
2607374962
1826017320
1729464513
1680599832
1154814715
2015707901
1826763567
1905755104
2330878552
2948078914
1678145045
1886311125
1799204184
1271638160
1793592675
1198251274
1644051882
2823886680
2049389352
2408565431
2479700887
2125204557
2337573872
2351342333
1805992967
1641186142
1657421782
1145175047
1271089414
2108257307
2879826933
2938715943
2121610514
2480236213
2595027682
2398097600
2109672031
1314171207
3271857672
1878618300
2093964404
2067301197
1601563722
1729736051
1924763237
1663231951
2133746837
1670048780
2982377872
1812924560
1960635580
2187721524
1730238267
1918198234
1829018512
2268603763
3298672537
1729779710
1339402591
3251076752
2367643953
2637571473
3022748363
1936604565
1843010864
1798032251
1741069204
2891529877
2042642991
1285121233
1752714377
2994962740
1465103752
1874562391
1836656830
1244426274
1737354275
2796505543
1436444385
2141315827
1043320390
1686524201
2883399740
1649597805
2881033212
2849814611
2291640025
1463114560
1884495761
1345625994
1823344731
3231714583
1812831342
1688547585
2275848060
2117695112
1644812424
3698957620
1840463191
2424612967
2833787057
1739608974
2537274757
1765813640
1099216590
2120450075
1952386681
3587960280
1231381735
1983711441
1440116020
1173360372
1951144627
1863428481
2626865433
1779784363
1961134540
1006235863
1771237755
3566176897
1890696165
2140585607
1719014980
1961223747
1743436820
1993667907
2659775700
2045617025
2207069934
2443947035
1791517470
3168307074
1508159424
3248050592
2655420894
1787543393
3213996045
1629158834
2455313192
1892680725
1799543710
1571497285
1744491812
1726211047
1992523932
1706225875
1750935105
1237396904
1656384667
2874315490
1905782710
2583488094
1256746277
2001984061
2097832425
2320711045
1848881833
3602652003
2660243037
2356115860
2594572740
1718442907
2795463524
1856839874
1251236800
2102455717
1247680521
2008899641
1941648342
1517140790
1619766521
3213088323
1834739267
1911456284
2406700997
2172622572
1677859852
1285020581
2648728371
1893146874
2642858984
3142341380
1728483844
2164255477
1703513687
2466129453
1900594410
1232273027
1719397401
1249424622
1877405305
2031760143
1822796164
1874797791
1786247327
2441152100
3240000872
3580870997
1855680943
2477657282
1614874754
1805734167
2729273811
1299970031
1675977211
3245354301
1255687540
1817870932
1803814487
3731593422
1731769015
1364552715
3230206352
1560452445
3065163705
2877003032
3215729803
2236670502
1848317585
2546343795
1083121332
2128372947
2294173275
1628860034
2536296047
3430008302
1642467340
1959948944
2719969734
2696690844
2719712563
2062393963
2298184382
2339287275
1223848933
2532744685
3350070284
1733775307
1642585887
1225885455
3176561405
1842011380
1736105723
2884005812
1716488301
2328569394
2703540021
1581544960
2247798535
1693259882
2544162414
1631922453
2858749334
3505920073
1722453794
2426606861
2143296805
1577502145
3259501230
1796445350
2094447647
2858774677
1729866554
1645705403
3547406915
2096502153
1726544024
3752838097
1277552925
3541483977
1235402063
1802548053
1890826225
1975038404
1627825392
3517792024
2057327125
2355431644
2138808521
1924011973
2447680824
2214912121
3759856803
2638558755
1764855964
1237718493
1733696641
1827370530
1706987705
3228016330
1685965934
1900372975
2099640995
3129282063
2450603382
2173653084
2306558250
2404392955
2075686772
2044126551
3529827092
2653634372
2028560223
1744503745
2462949477
2256126264
1758713885
2341323540
2827324294
2202418750
1710173001
3304651220
1258256457
1705564917
1762325394
3481197561
1751265034
1765459402
1950548777
2441974875
2285386644
1906339011
2961604591
3307416635
1231928401
1889728690
1264775587
1779744180
2486529701
1750070171
1204315324
2052879865
1490372962
3456697444
1878250202
1732912875
2013275930
2178690247
1793546503
1185441660
1844297217
2362941712
1971537652
1904801157
3318777442
1684778867
2356775567
1663559265
1880644580
2500930592
1946834570
2343012417
1673561977
1731520324
1594925933
2139496151
2118883217
3534725825
1317497353
2950133660
1642904381
2823644642
2688090271
3722775574
1603129445
2779172442
1787811085
1756667731
3607703620
2079072421
1259320444
1304180684
2824640994
2879871665
1450262065
1595201253
3125540662
2663582163
3071679731
1045529987
2373629987
2370395510
1729080957
2782830277
3625975797
2298759413
1873987385
3732488447
1144751225
2264587714
1871222430
2079751412
2607667467
1559896761
1544593902
1911346900
1821680013
3626345674
2708247534
3091591400
2574250692
2172776323
1278083217
2384103531
1700315953
1649666132
2672646903
2307318984
