674 701 5751
5 1 11 2 13 1 16 1 23 1 42 1 47 1 53 2 62 2 68 1 92 1 93 1 94 3 96 2 98 1 108 1 134 3 137 1 143 2 144 1 148 1 151 1 161 1 167 1 174 3 199 1 229 1 242 1 246 1 270 1 271 2 273 1 280 2 301 3 312 2 323 1 338 1 341 1 365 1 379 1 385 1 386 1 425 1 456 1 477 1 484 1 500 1 511 1 514 1 526 1 532 2 536 2 538 1 548 1 559 1 560 1 563 1 566 1 580 1 582 1 583 1 614 1 620 2 630 1 632 2 638 2 644 3 653 2 659 3 669 1 670 2 678 1 691 1 694 1 698 1
30 1 36 1 43 1 96 1 117 2 181 1 209 2 225 1 232 1 234 1 239 1 241 1 279 1 280 1 288 1 297 1 342 3 345 1 350 1 362 1 392 1 433 1 443 1 491 1 513 1 565 1 572 1 602 1 607 1 655 1 664 1 665 1
2 1 5 1 6 1 12 1 16 1 34 1 36 1 38 1 40 2 41 1 42 2 43 3 46 1 47 1 50 1 51 1 60 1 69 1 72 2 73 3 75 4 79 3 84 1 85 1 86 2 87 1 90 1 93 2 99 2 101 1 102 1 106 1 107 1 111 1 112 3 117 1 118 2 121 1 122 2 123 1 124 1 131 3 136 4 137 2 143 1 146 1 148 5 150 1 160 1 165 1 171 4 172 3 174 1 177 1 178 1 179 3 183 1 184 2 193 2 194 1 195 1 197 3 201 1 204 1 205 1 206 1 212 1 222 1 225 1 226 2 228 3 229 1 230 3 231 1 235 2 239 1 240 2 241 1 242 1 245 5 263 5 270 1 277 1 278 2 285 4 286 1 298 1 299 1 301 1 302 1 305 2 307 5 315 1 316 8 319 1 322 1 333 1 334 1 335 4 338 1 346 2 347 1 348 1 349 3 351 3 352 1 356 1 359 1 360 1 361 1 362 1 367 1 370 1 371 1 375 2 379 1 387 2 389 1 390 4 392 1 394 2 401 1 402 3 403 1 404 1 408 1 409 2 410 1 411 1 412 1 413 4 415 2 418 1 427 1 428 2 434 1 435 1 436 3 439 2 440 1 441 2 442 2 443 4 449 1 454 1 457 1 458 1 459 2 460 1 467 2 480 3 481 3 483 1 484 4 485 2 488 1 494 2 497 1 499 1 500 4 502 1 503 3 505 1 506 3 515 1 519 1 526 1 528 1 531 4 534 1 535 4 538 5 542 1 543 1 547 1 548 1 552 1 556 2 562 1 564 1 570 2 572 3 574 3 575 5 577 1 578 4 581 2 584 2 590 2 601 3 602 1 608 2 611 2 615 1 616 1 621 1 628 3 629 1 630 5 634 1 635 1 641 3 647 1 653 1 659 1 669 1 676 5 677 1 680 1 681 2 686 2 687 3 690 1 694 1 699 1 701 2
44 1 61 1 69 2 79 1 114 2 137 2 148 1 177 2 181 4 182 1 184 1 222 1 236 1 246 1 313 1 348 1 491 2 530 1 560 2 577 1 593 1 622 1 624 1 629 1 636 1 698 1
53 1 70 1 84 1 89 1 93 1 94 1 95 1 102 1 110 1 172 1 225 1 262 1 271 1 274 1 277 1 305 1 348 1 369 1 412 1 422 1 432 1 457 1 497 1 500 1 515 1 536 1 611 1 664 1
22 2 40 2 44 1 48 4 73 2 75 1 78 1 99 1 107 1 108 1 113 1 118 1 121 1 131 1 160 1 198 1 202 1 204 1 207 1 223 1 241 1 244 1 253 1 256 2 257 1 274 1 276 4 278 1 279 2 280 2 290 1 304 1 323 1 325 1 335 1 342 1 352 1 353 1 386 1 392 1 393 1 394 1 401 1 403 1 436 1 457 1 467 2 476 1 480 1 482 3 488 1 494 1 508 1 519 1 551 1 560 1 581 1 584 1 585 1 592 1 597 1 608 2 609 1 613 1 614 1 640 1 641 1 647 2 648 1 681 2 695 2 699 1
5 1 37 1 47 1 68 1 73 1 113 2 162 1 182 1 220 1 229 1 243 1 260 1 266 1 279 1 311 1 333 1 388 1 395 1 409 1 422 1 460 1 490 1 492 1 498 1 518 1 526 1 542 1 543 1 602 1 612 1 646 1 658 1 666 1 680 1 681 1
112 1 214 1 319 2 324 1 486 1 548 1 591 1
72 2 78 2 101 1 108 2 120 1 121 1 122 4 146 1 204 2 245 1 277 1 285 1 321 1 335 1 359 2 401 1 412 1 432 1 440 1 444 1 458 2 484 1 496 1 572 1 615 1 623 1 629 1 637 3 662 1 699 1
41 1 53 1 64 1 79 1 94 1 109 1 110 2 116 1 125 1 129 1 165 1 169 1 170 1 181 1 205 1 217 1 271 1 380 1 387 1 407 1 426 1 479 1 496 1 510 1 520 1 535 1 536 1 559 1 563 1 586 1 588 1 589 1 609 1 662 1 669 1 701 1
12 1 202 1 208 2 403 1 488 1 521 2 534 1 550 1 623 2 645 1 652 1
10 1 122 1 139 1 146 3 245 2 246 2 285 2 336 1 413 1 440 3 443 1 484 1 531 1 584 1 623 1 628 3 646 1 655 1 679 1
189 1 417 1 418 1 421 1 667 1
189 1 417 1 418 1 421 1 667 1
26 1 82 1 119 2 246 1 280 1 303 2 351 1 368 1 406 1 416 2 460 1 511 1 539 1 582 1 589 1 590 1 595 1 616 1
68 4 75 1 116 1 125 1 195 1 239 1 248 1 279 1 281 1 309 2 342 5 398 1 407 1 533 1 553 1 560 1 597 2 603 1 625 1
220 1 287 5 313 1 314 2 315 3 556 4 557 3 558 3 692 1 693 4
47 1 83 1 229 1 236 1 237 2 341 1 470 3 524 1 607 1 609 1
252 1 310 1 482 1 533 1
9 1 149 1 179 1 180 1 318 1 326 1 328 1 371 1 454 1 472 1 506 1 544 1 553 1 616 4 685 1
106 1 109 2 110 2 124 1 131 1 143 2 159 1 236 1 249 1 355 1 407 1 419 1 519 1 543 1 616 1 645 3 648 1 670 1 673 2 690 2 691 1
249 1 453 1 474 1 595 1 644 1
16 1 36 2 40 1 76 2 93 1 95 1 107 1 108 1 113 1 114 1 131 1 136 1 137 1 143 1 165 1 183 1 193 1 198 1 201 1 207 1 209 1 225 1 228 3 235 1 239 1 263 2 272 1 273 2 276 1 312 1 314 2 316 3 344 1 352 1 381 1 386 1 396 1 397 1 409 2 410 1 434 1 435 1 460 2 467 1 484 1 493 1 507 1 544 1 573 1 574 2 583 1 585 3 590 1 608 1 637 1 638 2 640 1 644 1 646 1 663 1 665 1 666 1 669 3 673 1
59 1 143 1 156 1 224 1 267 1 391 1 399 1 415 1 428 1 496 1 507 1 618 1 619 1 662 1
161 1 315 1 325 1 371 1 400 1 514 1 556 1
68 1 114 1 154 2 181 2 282 1 283 1 284 1 342 1 363 1 503 1 534 1 572 2 647 1 657 1 665 1
12 1 27 1 77 1 120 1 322 1 448 1 534 1 545 1 578 1 674 1 698 1
214 1 255 1 320 1 355 1 357 1 472 1 559 1 563 1 691 1
146 2 156 3 245 2 267 3 270 4 285 2 303 4 391 3 413 2 416 3 440 2 531 2 628 2 634 1 655 2 679 2
108 3 113 5 209 3 274 3 276 5 414 1 435 2 637 1 663 2 664 2 665 1 666 1
45 1 103 1 194 1 246 1 319 1 327 1 358 1 542 1 692 1
218 1 341 1 466 2 469 1 518 1 539 1
2 1 16 1 68 1 120 1 150 1 242 1 346 1 406 1 484 1 498 1 664 1 688 1
2 1 9 1 26 2 42 1 43 1 51 2 70 4 71 2 72 1 74 1 77 1 84 3 85 1 87 1 101 4 108 3 112 1 122 1 134 1 147 2 156 2 160 3 172 1 174 1 182 1 196 3 198 1 204 1 208 1 209 1 217 1 223 1 225 1 228 1 235 1 237 1 266 1 267 2 270 1 273 2 274 2 277 1 278 1 279 1 288 1 289 3 300 2 301 1 302 1 305 1 313 1 333 3 338 2 342 1 353 1 359 2 370 1 385 1 387 1 388 1 390 1 391 2 393 1 394 1 395 1 396 2 402 1 411 1 412 1 422 1 429 3 457 1 458 1 459 2 461 1 467 1 470 1 471 1 474 1 479 1 481 1 483 1 487 2 492 1 494 1 497 4 500 2 501 3 504 1 506 1 508 1 515 4 520 1 529 1 532 1 536 1 537 2 556 1 560 1 562 1 566 1 571 2 574 1 581 1 590 2 608 1 614 1 626 3 637 1 658 1 659 1 676 1 677 2 680 1 696 1
5 1 71 1 74 1 147 1 153 1 184 1 248 1 332 1 390 1 392 1 456 1 468 1 614 1 677 1
97 2 121 1 150 1 232 2 252 1 332 1 355 1 401 1 460 1 506 1 561 1 604 1 699 1
27 1 132 1 220 1 397 1 430 1 431 1 448 1 545 1 650 1
6 1 7 1 33 1 42 2 62 1 156 1 264 1 267 1 292 1 361 2 368 3 391 1 478 1 496 1 574 1 635 3 639 1 657 2 662 1
163 1 193 1 462 1 463 1 598 1 599 1
212 1 239 2 240 3 279 2 362 1 376 3 405 1 518 3 519 3
2 1 26 2 71 1 74 1 147 1 172 1 196 3 266 1 270 1 273 2 279 1 300 2 388 1 393 1 395 1 429 3 492 1 501 3 504 1 508 1 529 1 571 2 590 2 658 1 677 1 680 1
8 1 40 1 53 1 71 1 72 1 96 2 147 1 165 1 270 1 271 1 300 1 342 1 375 1 378 1 425 1 439 1 536 1 614 1 677 1
43 3 232 3 341 2 373 1 374 1 607 1
248 1 462 1 463 1 598 1 599 1
9 1 44 1 63 1 91 1 129 2 164 1 167 1 205 4 223 1 246 1 248 1 251 1 316 1 334 1 381 1 457 1 528 1 542 1 574 1 579 1 642 1 692 1
5 1 74 2 75 1 79 1 85 1 158 1 160 1 161 1 266 1 276 2 299 1 302 1 306 1 384 1 387 1 388 1 389 1 390 1 392 1 393 1 411 1 456 1 514 1 529 1 530 1 562 1 564 1 574 1 584 1 592 1 614 1 658 1 684 1
1 1 9 2 48 2 68 1 223 2 232 1 288 1 333 1 350 1 376 1 487 3 519 1 525 1 537 1 539 1 540 1 546 1 597 1 616 1 651 1 669 1 695 2
1 1 236 2 237 1 257 1 258 1 281 1 373 1 374 1 376 1 452 1 470 1 542 1 543 5 561 1 607 1 616 1
209 1 224 1 272 1 338 1 399 1 507 1 527 1
39 1 179 1 352 1 372 1 454 1 512 1 544 1
48 2 156 1 173 1 267 2 368 1 391 1 398 1 487 1 488 1 532 1 533 1 534 1 595 1 650 1 651 1
146 1 245 4 285 3 402 1 413 3 440 1 502 1 531 3 611 1 628 2 634 1 676 3
158 1 218 1 220 1 221 1 265 2 273 1 392 1 551 2 577 1 590 1 639 1
143 1 171 1 179 1 212 1 235 1 263 1 351 2 408 1 526 1 528 1
4 1 155 1 294 1 583 2
142 1 321 1 444 1 534 1
75 3 79 1 85 1 158 1 160 1 161 2 243 1 266 1 268 1 270 1 302 1 387 1 388 1 389 1 390 2 392 1 393 2 395 1 411 1 458 1 492 1 502 1 508 1 514 2 529 1 530 1 562 1 584 1 589 1 658 1
17 1 34 1 48 1 51 1 67 1 68 1 75 1 117 1 215 1 223 1 244 1 304 1 307 1 333 2 342 2 388 5 395 5 429 1 476 1 492 5 501 1 512 1 530 1 541 2 565 1 571 3 592 1 665 3 680 2 683 2
73 3 76 1 122 1 126 1 217 1 223 1 396 3 593 1 634 1
39 1 54 1 161 1 162 1 201 1 204 2 226 1 243 2 244 1 256 1 300 2 304 1 306 1 340 1 392 3 429 1 501 1 514 1 541 1 571 2 590 1 592 1 611 1 681 1 684 1 698 1
12 2 27 2 77 2 108 1 120 2 202 1 219 1 322 2 448 2 496 1 534 2 545 2 578 4 615 1 623 1 662 1 674 2 698 2
161 1 198 1 231 1 232 1 244 3 304 3 388 1 395 1 492 1 514 1 541 1 592 1 605 1 607 1
76 2 131 1 235 1 314 2 352 1 410 1 434 1 467 1 608 1 646 1 673 1
51 1 74 2 86 1 272 1 273 1 274 3 390 1 409 1 435 1 459 1 462 1 496 1 599 1 662 1 676 2
34 1 110 1 149 1 171 1 474 1 652 1 661 1 673 1
40 2 52 2 68 1 85 1 138 1 204 1 247 1 268 4 285 1 286 2 302 1 411 1 489 1 494 1 528 1 562 1 581 1 655 1 695 1 700 2
101 1 151 1 275 1 279 2 369 1 402 1
110 1 162 1 208 1 243 1 325 1 428 1 449 1 521 1 543 1 636 1 654 1
220 1 221 1 260 1 539 3 594 1
257 1 403 7 488 7
17 1 19 1 92 1 146 1 193 2 252 1 313 1 332 1 338 1 440 1 637 1 666 1
78 1 157 1 161 1 298 1 514 1 541 1
3 1 20 1 402 1 548 1 686 2 695 1
282 1 283 1 284 1 291 1
282 1 283 1 284 1 291 1
240 1 282 1 283 1 284 1
77 1 156 2 209 2 267 1 277 1 391 2 408 1 412 1 568 1 597 1
21 1 69 1 177 1 333 2 423 1 491 1
4 1 155 1 232 1 294 1
24 1 135 2 269 1 516 1 596 2 661 1
236 1 341 2 466 1 594 1 601 2
68 5 309 3 342 3 654 1
47 1 76 2 384 1 397 1 442 2 467 1 568 1 608 1
179 1 371 1 454 1 544 1
86 1 462 1 463 1 599 1
9 1 326 1 472 1 553 1
4 1 155 1 294 1
22 2 217 1 526 1 542 1 612 3 670 1
8 1 40 4 69 1 104 1 105 1 154 3 181 1 239 1 268 1 278 3 286 1 307 2 315 1 319 1 327 1 350 2 362 1 384 1 394 4 405 1 408 1 486 1 558 1 578 1 579 1 582 1
214 1 320 1 355 1 357 1 472 1
548 1 569 2 618 1
76 1 80 1 177 1 251 1 334 3 457 1 491 1
20 1 33 1 73 1 87 1 122 2 173 1 182 1 207 1 228 1 235 1 246 1 263 1 292 1 305 2 323 1 338 1 339 2 361 1 409 1 477 1 517 1 548 1 560 3 569 1 640 1 686 2 687 1 688 1 690 1 693 1
145 1 230 1 319 1 323 3 349 1 352 1 498 1 529 1 665 2
10 1 46 1 51 1 52 1 101 1 191 1 427 1 455 2 476 1 689 1 700 1
69 1 74 1 85 1 146 1 177 1 207 1 268 1 302 1 359 1 411 1 413 1 440 1 491 1 529 1 531 1 534 1 562 1 572 1 628 1 640 1 676 1 679 1
5 1 39 1 70 1 84 1 111 1 114 1 123 4 131 1 134 1 154 1 174 1 178 1 198 1 259 1 300 2 301 1 335 1 385 1 386 1 497 1 505 2 515 1 547 1 604 1 627 1 659 1 689 1
48 2 68 1 223 1 539 1 540 1 597 1 616 1 695 2
244 1 304 1 388 1 395 1 492 1 541 1 565 1
5 1 22 5 24 1 36 1 37 1 47 1 51 1 68 1 73 1 76 2 78 2 82 1 87 3 98 1 99 1 101 1 113 2 120 1 123 2 125 1 138 1 140 2 143 1 146 1 162 2 165 1 180 1 182 1 191 1 193 1 209 1 217 2 220 1 222 1 228 1 229 2 230 3 243 3 257 1 260 1 266 1 269 1 279 1 280 3 281 1 285 1 299 1 303 1 305 1 311 1 315 1 322 2 327 3 333 1 342 1 349 1 359 2 368 1 369 1 370 1 372 1 388 1 395 1 402 1 403 1 404 1 409 1 413 1 422 1 429 1 440 1 460 1 476 1 488 1 489 1 490 1 492 1 498 1 501 1 512 1 518 1 526 2 531 1 534 1 542 2 543 1 571 1 577 1 578 1 589 1 590 2 594 1 601 1 602 1 612 6 617 1 628 1 642 1 646 3 655 2 658 1 666 1 670 1 678 2 679 1 680 1 681 4 693 1
66 1 126 1 137 1 154 1 384 1
6 2 25 1 268 1 286 1 350 2 367 1 403 1 409 2 415 1 430 3 431 3 488 1 522 1 524 1 650 3
135 1 161 1 244 1 268 4 270 5 286 4 304 1 366 1 437 1 458 2 468 1 481 1 514 1 541 1 582 5 592 1 596 1 597 2
69 1 177 1 182 1 222 1 359 1 402 1 438 1 480 1 491 1
91 2 117 4 146 1 149 1 180 1 213 2 245 1 248 1 280 1 285 1 328 1 375 2 413 1 439 1 440 1 531 1 628 1 655 1 679 1 685 1
71 1 73 1 136 1 137 1 147 1 183 1 211 1 384 1 593 1 677 1
154 1 384 2 576 1 577 1
351 1 470 1 483 1
88 1 449 1 574 1 619 1 692 1
8 2 17 1 23 1 26 1 38 2 53 1 54 1 87 1 105 1 107 1 110 1 114 1 125 1 131 1 171 2 181 1 183 1 211 1 257 1 258 1 263 2 266 1 270 2 271 1 276 1 279 1 287 2 288 1 290 1 296 1 315 1 364 1 383 1 388 1 389 1 392 2 393 1 395 1 443 2 459 1 474 2 482 1 492 1 502 1 504 1 508 1 536 1 542 1 548 2 557 1 575 1 597 1 611 1 612 1 658 1 684 2
5 1 6 1 8 1 24 1 26 4 43 1 66 1 71 1 72 1 78 1 86 1 87 1 95 1 114 1 118 1 122 1 123 1 126 1 137 1 146 2 147 1 154 3 158 2 160 1 162 2 181 1 183 1 206 1 233 1 241 1 243 1 245 1 266 1 279 1 285 1 296 1 312 1 334 1 344 2 349 1 358 1 362 2 384 1 386 1 413 2 436 1 440 2 456 1 459 3 466 1 474 1 481 3 530 1 531 2 535 1 564 1 582 1 584 1 593 1 612 1 625 1 628 2 641 1 655 3 658 1 663 1 677 1 679 3 701 1
97 2 146 1 245 1 277 2 285 1 409 1 412 1 413 1 440 1 502 1 531 1 611 1 625 1 629 1 655 1 657 1 684 2
42 1 46 1 77 1 114 1 399 1 496 1 503 1 506 1 590 1 657 1 662 1
44 1 48 1 74 1 104 1 183 1 208 1 260 1 680 1
20 1 424 1 665 1
198 1 205 1 207 1 261 1 493 1 590 1 640 1
5 1 339 1 349 1 385 1 386 1 456 1 490 1 547 1 614 1
38 1 307 1 441 1 481 3 505 1 681 1
9 1 10 1 129 1 246 1 623 2
64 1 178 1 214 1 236 1 255 1 258 1 320 1 322 2 335 1 355 1 357 1 389 1 410 1 434 1 472 1 482 1 525 1 559 1 563 1 594 1 681 1 691 1
101 1 229 1 303 1 322 1 370 1 404 1 429 1 501 1 512 1 571 1 578 1
130 1 643 1
1 1 13 1
466 1 469 1
328 1 513 1
66 1 527 1
72 2 156 2 267 2 273 1 303 2 391 2 404 2 416 1 536 2 657 1
328 1 580 1 631 1 685 1
86 1 112 1 121 1 191 2 213 1 401 1 409 1 476 2 489 1 584 1 617 1 699 1
95 1 108 2 113 1 118 1 303 4 416 3 481 1 491 1 593 1
77 1 78 1 108 1 121 1 204 2 401 1 534 2 555 1 676 2 699 1
27 1 448 1 545 1
137 1 201 1 240 1 322 1 352 1 376 2 402 1 405 1 413 1 477 3 518 1 531 1 572 1 628 1 679 1
198 1 273 2 348 1 388 1 395 1 445 1 492 1 495 2
19 1 51 1 71 1 74 2 147 1 435 1 496 2 629 1 662 2 677 1
36 1 507 1 669 2
71 1 85 1 147 1 215 1 243 1 386 2 395 1 411 1 458 1 491 1 508 1 562 1 572 1 589 1 662 1 677 2
78 1 79 1 121 3 154 2 401 3 479 1 551 1 616 1 699 3
85 5 302 6 411 5 562 5
36 1 124 1 195 1 408 1
51 1 62 1 122 1 209 1 273 1 639 1 691 2
2 1 16 1 162 1 243 2 273 1 333 1 346 1 393 1 508 1
234 1 333 1 350 1 358 1 362 1 404 1 592 1 602 1 612 1 646 1
78 3 121 2 122 1 356 2 401 2 496 1 637 2 662 1 676 1 699 2
430 5 431 5 650 5
161 4 215 1 244 3 304 3 429 1 501 1 512 1 514 4 541 3 571 3 592 1
10 1 653 1 674 1 691 1
6 1 165 1 229 2 633 1 669 1 673 1 680 1
69 1 148 1 177 1 307 2 425 1 491 1 578 1 631 1 647 1 662 1
67 1 205 1 269 1 272 1 455 1 460 1 535 1 573 1 701 1
27 1 222 1 448 1 545 1 639 1 642 1
75 2 130 1 184 1 458 1 586 1 643 1
7 1 264 1 429 1 478 1 501 1 571 1 649 1 682 1
239 1 240 1 279 2 281 2 362 2 376 1 518 1 519 1
17 1 150 1 220 1 299 1 347 1 586 2 590 1
71 1 72 1 147 1 184 1 191 1 228 1 276 1 299 1 409 1 476 1 477 1 495 1 601 1 647 1 676 1
40 4 278 3 307 2 394 4
171 1 192 1 212 1 217 1 239 2 263 1 430 1 431 1 436 1 537 3 641 1 650 1 693 1
39 1 134 1 174 1 301 1 576 1 659 1
215 1 225 1 578 1 605 1
72 2 360 1 629 1
82 1 148 3 538 3 585 1 589 2 593 1 630 3 683 2
1 1 70 2 75 1 79 1 84 1 85 1 92 2 93 1 134 2 161 1 174 2 198 1 230 1 263 1 301 2 302 1 350 1 411 1 481 1 497 2 507 1 514 1 515 2 528 2 537 1 562 1 659 2
19 2 77 1 131 1 272 1 348 3 361 1 447 1 484 1 666 1
69 2 177 2 222 1 438 1
519 1 521 1 580 1
134 4 174 4 301 4 659 4
14 1 21 1 40 2 45 1 71 1 80 1 81 1 85 1 119 1 147 1 180 1 206 1 215 1 225 1 239 1 266 1 298 1 299 1 302 1 324 1 338 1 346 1 358 2 411 1 489 1 490 1 491 1 512 1 532 1 534 1 560 1 562 1 566 1 575 1 578 1 590 2 592 1 605 1 624 1 629 1 654 1 673 1 677 1
205 1 287 1 315 3 557 3 680 1
352 1 353 1 467 2 607 1 608 2
10 1 68 1 110 1 239 1 342 1 351 1 612 1 633 1 653 1 674 1 681 1 691 2
161 2 215 1 514 2 541 3 592 1
78 1 121 2 144 1 148 1 171 1 259 1 293 1 401 2 484 1 538 1 593 2 630 1 699 2
179 1 246 1 342 1 360 1
108 3 427 1 534 2 624 1
91 1 251 1 574 1 692 1
7 1 72 1 80 1 81 1 98 1 159 1 264 1 269 1 361 1 422 1 455 1 478 1 481 3 535 1 621 1 701 1
191 1 324 1 406 1 476 1
52 1 154 1 158 1 230 1 238 1 349 1 700 1
24 1 106 1 413 2 531 2 574 1 648 1 655 2
197 1 566 1 625 1 635 3
154 2 198 1 384 1 576 1
109 1 110 1 673 1 690 1
122 1 167 1 432 2 629 1
114 2 122 1 525 1 534 1 566 1 628 1
6 1 7 1 42 2 156 1 197 1 205 1 264 1 267 1 347 1 361 3 391 1 478 1 503 2 574 1 586 1 618 1 625 1
48 1 228 1 232 1 244 1 304 1 352 1 467 1 539 1 607 1 608 1 647 1
72 2 370 3 634 1
325 1 365 1 564 1
21 1 71 1 78 1 85 3 121 1 131 1 147 1 158 4 273 1 290 1 302 4 359 1 401 1 411 3 458 1 461 1 562 3 583 1 615 1 636 1 677 1 684 1 699 1
261 1 348 1 366 1 437 1
101 1 303 1 366 1 437 1
258 1 272 5 366 1 437 1
4 1 42 1 53 1 77 2 155 1 232 1 235 3 237 1 258 1 271 1 294 1 300 1 348 1 352 3 353 1 356 1 358 2 467 6 470 1 474 3 607 1 608 6
101 1 320 1 367 1 442 1 490 1 496 1 505 1 522 1 548 2 549 1 616 1 631 1 662 1
218 1 220 1 221 1 256 1
205 1 269 1 455 1 460 1 503 1 535 1 573 1 701 1
51 1 223 1 385 1 393 4 457 1 494 1 508 4 581 1 682 2
143 1 151 1 575 1 591 1
240 1 445 1 519 1 539 1
109 1 425 1 438 1 442 1 575 1
6 1 134 3 174 3 301 2 659 3
67 1 348 1 374 1
40 4 71 1 76 1 77 1 79 1 118 1 122 1 131 1 147 1 196 3 198 1 232 3 234 1 236 1 240 1 248 1 278 3 289 1 290 1 307 2 333 1 348 1 350 1 356 1 367 1 385 1 394 4 404 1 467 2 504 3 522 1 537 2 554 1 564 1 566 1 575 1 590 2 594 1 602 1 608 1 612 1 626 1 638 2 644 3 654 1 672 1 677 1
371 3 397 1 410 1 434 1 447 1
72 2 118 1 146 1 245 1 285 1 413 1 416 1 440 1 495 1 531 1 655 1 679 1
24 2 509 1 529 1 682 3
105 1 367 4 522 4
22 1 369 1
274 1 509 1
287 1 475 1
270 1 598 1
325 1 365 1
8 1 296 1
24 1 295 1
424 1 509 1
343 1 633 2
179 1 454 1
150 1 540 1
8 1 296 1
99 1 135 2 337 1 596 2
97 2 220 2 260 1
1 1 9 1 10 1 45 1 69 2 103 1 125 1 177 2 194 1 222 2 245 1 246 3 254 1 274 1 305 1 413 1 484 1 491 1 531 1 655 1 679 1 683 1 692 1 694 2
87 1 122 1 393 1 508 1 570 1
230 1 287 2 498 1 616 1
232 2 373 1 465 1
9 1 11 1 89 1 124 1 195 1 242 1 274 1 276 2 277 1 316 2 412 1 428 1 453 1 519 1 556 1 695 1
8 1 42 1 447 1 555 1
11 1 306 1 414 1 537 1 688 1
66 1 75 1 137 1 184 1 191 1 279 1 333 2 342 1 375 1 396 2 439 1 476 1
215 1 429 1 501 1 512 1 571 2
73 1 134 2 174 2 256 1 301 2 659 2
230 2 252 1 332 1 489 1
7 1 75 1 123 1 172 1 264 1 276 1 278 4 386 1 394 3 459 1 478 1
146 2 440 2 628 2 655 3 679 2
125 2 146 2 171 2 208 1 245 2 285 1 345 1 388 1 392 2 395 1 413 2 440 1 442 1 492 1 502 2 531 2 611 2 628 1 655 2 679 2 684 3
79 1 196 4 504 2
416 1 461 1 493 1
7 1 117 1 264 1 280 1 299 1 370 1 478 1 495 1 682 1
161 1 215 1 244 2 304 2 514 1
2 1 38 1 39 1 92 1 134 7 161 1 174 7 215 1 244 1 301 7 304 1 371 1 372 1 514 1 541 1 592 1 659 7
117 1 268 8 286 6 543 1 582 6
75 1 107 1 122 1 160 1 184 1 197 2 307 2 389 1 458 1 459 2 467 1 556 1 608 1
173 2 517 2
78 1 121 1 156 1 191 1 267 1 279 1 349 1 356 1 391 1 401 1 699 1
109 1 253 1 609 1 681 1
146 1 245 1 285 1 413 1 440 1 530 1 531 1 628 1 655 1 679 1
51 1 179 1 191 1 220 2 322 2 362 1 371 1 405 1 454 1 476 1 544 1 578 1 694 1
162 2 243 1 358 1 436 1 641 1
99 2 316 1 436 2 641 2
5 2 456 2 614 3
375 3 439 3 496 2 662 2
173 1 473 1 517 1
99 1 101 1 272 1 338 2 458 2 637 2 646 1
7 1 39 1 136 1 244 6 264 1 304 6 348 1 387 1 474 1 478 1 506 1 535 1 541 2 585 1 592 1 665 1 680 2 701 1
40 2 43 3 74 1 356 1 361 1
12 1 321 1 444 1 534 2 624 1
164 1 167 1 542 1 579 1
225 1 248 1 342 1 633 1
55 1 207 1 303 1 493 1 640 1
289 2 359 1 455 2 519 1 626 2
69 1 177 1 222 1 491 2
16 1 25 1 52 1 94 2 113 1 135 1 137 1 151 1 153 1 161 2 178 2 215 1 220 1 223 2 237 1 257 1 263 1 281 3 286 1 287 7 289 5 313 1 314 2 315 3 322 1 323 1 327 1 342 1 348 1 352 1 357 1 359 1 367 1 385 1 392 1 403 1 425 1 438 1 455 5 464 1 470 1 473 1 481 2 487 1 488 1 514 2 519 1 520 1 522 2 525 1 535 1 541 3 556 4 557 3 558 3 582 2 584 1 592 1 593 1 594 1 596 1 623 2 626 5 628 1 663 1 674 1 688 1 692 2 693 4 699 1 700 1 701 1
6 1 24 1 26 1 38 1 39 1 53 3 74 1 92 1 99 1 125 3 134 1 146 1 174 1 220 2 221 1 223 1 260 1 271 3 289 1 301 1 305 1 311 1 323 1 326 1 367 1 371 1 372 1 375 1 439 1 440 1 457 1 466 1 469 1 499 1 522 1 536 3 539 3 594 1 621 1 626 1 659 1 661 1
117 1 228 1 255 1 480 1 612 1 680 1
86 1 368 1 657 1 663 1
370 2 459 1 479 2 484 1 665 2
307 1 333 1 367 1 372 1 394 1 479 2 522 1 537 1
196 1 455 1 504 1 574 1 650 1 672 1
137 1 148 1 280 1 538 1 630 1
71 3 147 3 677 3
146 1 245 1 285 1 413 1 440 1 531 1 628 1 655 1 679 1
146 2 245 1 285 1 413 1 440 1 531 1 628 1 655 1 679 1
84 1 174 1 301 1 367 1 457 1 497 1 515 1 611 1 659 1
101 1 181 1 235 1 413 1 481 1 531 1 593 2 637 1
290 1 499 1
328 1 685 1
139 1 445 1
427 1 523 1
410 1 434 1
257 1 623 2
347 1 553 1
226 1 326 1
474 1 649 1
410 1 434 1
183 1 686 1
171 1 661 1
574 2 619 1
177 1 438 1 491 1
6 1 156 3 267 3 361 1 391 3 657 1
231 1 261 1 349 1 351 1 578 1 601 1 616 1
71 2 147 2 375 1 439 2 677 2
119 1 359 1 629 1 673 1
52 1 117 1 178 1 196 1 201 1 207 1 263 1 353 2 409 1 504 1 564 1 573 1 634 1 638 2 640 1 664 1 700 1
123 2 131 1 192 1 202 4 222 1 305 2 375 5 430 2 431 2 439 5 464 1 487 1 566 1 649 1 650 2
38 1 53 2 72 1 79 6 80 4 81 3 85 1 118 4 146 1 156 6 175 1 181 3 196 4 204 2 225 1 245 2 267 6 271 2 277 1 285 3 302 1 303 4 325 1 326 1 339 3 359 3 385 5 390 1 391 6 404 5 411 1 412 1 413 1 416 5 440 1 457 1 502 2 504 6 531 1 536 2 562 1 573 1 574 3 611 1 617 1 619 1 620 2 628 2 655 3 669 3 679 1 684 1
24 1 70 1 84 1 178 1 289 1 290 1 295 1 497 1 503 1 515 1 626 1 654 1
356 2 473 1 482 1 606 1
23 1 267 1 320 1 627 1
270 1 383 1 504 1
232 1 352 1 465 1 572 1
70 2 84 1 497 2 515 2
70 2 84 1 497 2 515 2
97 2 117 1 270 2 502 2 611 1 635 1 684 1
162 1 222 1 243 2 665 1
502 2 611 3 684 3
504 1 530 1 577 2
9 1 105 1 441 2
51 1 140 1 372 1
135 1 596 1 651 2
201 2 247 1 595 1
99 1 436 2 641 2
46 1 499 1 578 1
74 3 154 2 191 2 476 2 496 2 575 1 662 1
8 2 86 1 464 3 516 1 523 1 584 1 627 3 631 1
266 2 393 2 508 2 658 2
266 2 393 2 508 2 658 2
429 1 501 1 512 1 571 1
367 1 505 1 522 1
137 1 254 1 590 1
6 1 136 1 183 1 196 2 504 1
148 1 303 1 416 1 538 1 630 1
78 1 121 2 401 2 699 2
268 1 286 1 319 1 362 1 405 1 582 1
40 1 74 1 146 1 228 1 368 1 440 1 647 1 657 1
29 1 381 1 637 1
2 1 16 1 346 1
3 1 343 1 455 1
77 1 122 1 555 1
181 1 396 1 405 1 647 2
123 1 202 1 205 1 231 1 287 1 305 2 356 2 487 1 529 1 616 1 629 1 682 6
275 1 399 2
166 1 429 2 501 2 571 1
268 4 286 3 344 1
36 1 263 2 279 1 290 1 597 1
161 1 198 1 514 1 592 1 673 1
51 1 73 1 172 1 263 1 270 1 375 1 387 1 439 1
26 3 154 1 183 1 386 1 582 1 612 1
71 1 123 1 147 1 244 1 304 1 676 1 677 1 681 1
15 1 131 1 314 1 537 2
38 1 39 1 161 1 371 1 372 1 514 1 541 1 592 1
38 2 39 1 161 1 371 1 372 1 514 1 541 1 592 1
107 1 278 3 287 1 394 1
85 1 135 1 302 2 411 1 562 1 596 1
146 1 245 1 285 1 413 1 440 1 531 1 628 1 655 2 679 1
148 1 270 1 538 1 575 1 630 1
10 3 135 1 176 1 596 1 651 2 666 2
3 1 33 1 292 1 343 1 455 1 601 1 674 1 678 2
162 1 243 2 681 2
266 3 393 4 508 4 658 3
99 1 257 1 482 1 491 1
162 1 204 2 243 2
266 1 312 1 658 1
21 1 113 1 248 1 279 1 405 1 408 1 530 1 609 1
40 1 303 1 396 3 409 3 539 1
3 1 343 1
144 1 293 1
33 1 292 1
124 1 195 1
202 1 487 2
236 1 242 1
366 1 437 1
3 1 343 1
109 1 417 1
269 1 422 1
33 1 292 1
350 1 355 1
192 1 226 1
651 1 672 1
149 1 652 1
91 1 672 1
144 1 293 1
144 1 293 1
445 1 569 1
144 1 293 1
103 1 656 1
366 1 437 1
124 1 195 1
447 1 555 1
3 1 343 1
16 1 180 1 682 1
85 1 121 1 302 1 401 1 411 1 562 1 699 1
450 1 506 1 642 1
146 2 440 2 628 2 655 1 679 1
76 1 356 1 461 1 474 3 578 1
228 1 234 1 406 1
240 1 378 1 627 1
146 1 413 1 440 1 531 1 628 1 655 1 679 1
134 3 174 3 301 3 659 3
196 3 197 3 323 1 504 1 665 1
70 2 84 2 497 1 515 1
305 2 338 1 542 1 577 1
97 2 161 1 197 1 234 1 242 1 244 1 252 1 304 1 332 1 350 1 358 1 514 1 530 1 541 1 548 2 592 1 602 1
334 1 512 1 635 1
246 1 255 1 313 1 640 1
48 1 248 1 342 1 393 1 508 1 646 1 647 1
185 1 589 1 639 1
99 1 231 1 601 1
72 1 156 2 267 2 359 1 391 2
40 2 268 4 286 2
78 1 112 1 191 1 268 1 396 1 476 1 480 1
39 1 161 1 244 1 304 1 514 1 541 1 592 1
184 1 342 1 406 1 495 1
7 1 248 1 264 1 368 1 478 1
9 1 51 1 89 1 99 1 101 4 112 4 149 1 162 1 179 2 205 2 214 1 243 1 246 1 319 2 320 1 322 1 324 1 342 1 360 1 406 1 486 1 548 2 564 1 591 1 653 1
26 1 53 1 112 1 146 1 245 1 271 1 440 1 536 1 655 1 679 1
315 1 558 1 692 1
389 2 447 1 555 1
543 1 648 1 670 1
5 1 6 1 26 2 306 2 612 1 613 2
36 1 99 2 178 1 306 1 361 1
313 1 314 1 556 1
76 1 447 1 534 1
82 3 589 3
22 1 53 2 271 2 273 3 276 1 368 2 536 3 657 3
92 1 233 1 246 1 269 1 275 1 305 1 333 1 345 1 367 1 430 7 431 7 460 3 512 1 522 1 537 2 573 1 583 1 591 1 638 2 650 7 652 1 672 1
192 1 270 1 278 1 394 2 542 1
37 1 74 1 113 1 223 1 225 2 279 1 288 1 408 1 631 2 635 1 670 1 695 3
42 1 85 1 302 1 411 1 562 1 614 1
47 1 83 1 85 1 97 3 118 1 121 1 167 1 202 1 214 1 229 1 236 1 237 2 239 2 279 1 302 1 333 9 341 1 362 1 385 1 389 1 401 1 411 1 430 2 431 2 464 1 470 3 500 1 519 2 524 1 537 2 562 1 607 1 609 1 650 2 651 2 699 1
156 2 267 1 277 1 391 2 412 1
118 1 347 1 502 1 611 2 684 2
53 2 271 2 536 2
53 2 271 2 536 2
113 1 121 1 291 1 307 3 401 1 409 2 593 1 699 1
69 1 177 1 305 1 491 1
86 3 97 1 98 1 112 1 116 1 209 1 584 3
78 1 121 1 401 1 635 3 699 1
79 1 154 1 384 1 416 1 458 1
2 1 11 1 16 2 18 1 22 1 26 1 74 1 79 1 181 1 192 1 236 1 246 1 299 1 306 2 335 2 338 1 339 1 340 1 344 1 346 1 351 1 402 1 414 2 430 1 431 1 445 1 477 1 480 1 484 1 489 1 502 1 537 7 548 1 568 2 569 2 611 1 618 1 627 1 632 1 650 1 657 1 664 4 666 1 669 2 684 1 688 1 694 1
9 1 10 1 246 2
106 1 109 1 691 1
338 2 356 1 473 1
52 3 700 3
38 1 39 1 371 1 372 1 680 2
388 3 395 3 492 3
234 1 236 1 406 1
114 1 160 1 164 1 167 1 244 1 304 1 477 1 519 1 542 1 579 1 589 4 616 1 664 1 687 2
381 1 542 2 543 2
381 1 542 2 543 2
375 5 439 5
7 2 264 2 478 2
7 2 264 2 478 2
7 3 264 3 478 3
135 1 191 1 269 1 476 1 596 1
350 1 430 1 431 1 650 1 666 1
146 1 413 1 440 1 531 1 655 1 679 1
26 1 403 1 410 1 488 1 642 1
161 1 244 1 304 1 514 1 541 1 592 1
161 1 244 1 304 1 514 1 541 1 592 1
161 1 244 1 304 1 514 1 541 1 592 1
161 1 244 1 304 1 514 1 541 1 592 1
161 1 244 1 304 1 514 1 541 1 592 1
42 1 99 1 326 1 342 1 602 1 652 1
152 1 490 2 631 2
173 1 352 1 517 1
334 1 617 1
460 1 573 1
80 2 81 1
80 2 81 1
472 1 521 1
80 1 81 1
137 1 573 1
80 1 81 1
68 1 309 1
159 1 645 1
670 1 671 1
87 1 363 1
172 3 645 1
594 1 617 1
80 1 81 1
592 1 646 2
53 1 71 1 147 1 271 1 536 1
6 1 43 1 87 1 89 1 235 2 266 1 356 3 393 1 443 1 508 1 585 1 658 1
6 1 7 1 42 1 264 1 478 1
72 1 116 1 244 1 304 1 575 1
191 1 370 3 476 1
46 1 76 1 77 3 179 1 241 1 352 3 541 1
68 1 71 1 74 1 147 1 543 1 551 1
6 1 228 1 632 1 647 1
70 1 84 1 269 3 455 1 473 1 497 1 515 1
184 1 197 2 255 1 279 1
40 2 41 1 42 1 48 2 112 1 674 1
88 1 265 1 333 1 443 2
20 1 43 1 67 1 73 4 85 1 114 1 205 1 269 1 272 1 273 1 302 1 387 2 411 1 455 1 460 2 503 1 535 2 562 1 573 2 701 2
101 2 209 1 228 1 458 1 574 1
1 1 5 1 22 2 70 1 84 1 93 2 99 1 108 1 129 1 172 2 173 2 231 1 234 1 246 1 287 1 316 4 467 1 497 1 515 1 517 2 521 1 530 3 601 1 603 2 608 1 609 1 612 3 656 1
230 1 272 2 281 1 356 1 467 1 608 1
6 1 370 1 459 2 613 2
494 3 581 3
494 3 581 3
234 1 350 1 602 1
68 1 162 1 243 1
234 1 350 1 602 1
148 1 538 1 630 1
268 3 286 2 582 3
148 1 538 1 630 1
71 1 75 4 134 2 147 1 174 2 301 2 307 2 396 2 480 4 481 2 520 1 529 1 582 2 659 2 674 1 677 2
9 1 44 2 63 1 68 1 86 2 91 1 114 1 129 2 154 2 164 1 167 1 181 2 205 5 223 1 228 3 230 1 246 1 248 1 251 1 253 1 282 1 283 1 284 1 316 1 326 1 333 1 334 1 342 1 348 1 363 1 381 2 424 1 442 1 457 1 503 1 509 1 528 1 534 1 542 3 543 2 572 2 574 1 579 1 584 2 591 1 642 1 647 2 657 1 664 1 665 1 692 1
6 2 26 1 370 3 459 4 613 3
22 1 368 2 657 2
244 1 300 1 304 1 315 1 539 1 616 1
528 1 638 2
39 3 73 1 85 1 115 1 302 1 371 1 411 1 435 1 562 1
60 1 86 1 584 1 625 1
134 1 174 1 301 1 659 1 687 1
5 1 385 1 456 1 614 1
131 1 257 1 670 1 671 1
38 1 39 1 160 1 161 1 244 1 304 1 371 1 372 1 388 3 395 3 429 1 492 3 501 1 514 1 541 1 571 1 592 1 680 1
223 3 551 3
135 3 596 3
158 1 266 1 535 1 658 1 701 1
278 5 394 2 477 2
136 1 183 1 228 1 316 1
75 3 207 1 333 1 348 1 361 1 399 1 640 1
495 1 583 1 597 1
70 1 84 1 497 1 515 1
70 1 84 1 497 1 515 1
70 1 84 1 497 1 515 1
70 1 84 1 497 1 515 1
70 1 84 1 497 1 515 1
198 1 359 1 494 1 581 1
70 1 84 1 497 1 515 1
70 2 84 2 497 2 515 2
38 1 105 1 110 1 114 1 131 1 388 1 395 1 492 1
1 1 29 1 68 1 101 1 118 1 124 1 137 1 146 1 172 3 193 1 195 1 198 1 207 1 213 1 245 1 274 3 285 1 287 1 303 1 342 1 366 1 370 3 413 1 436 1 437 1 440 1 457 1 529 3 531 1 533 1 585 4 628 1 640 1 641 1 645 1 655 1 678 1 679 1
239 2 279 1 362 1 519 2
38 1 136 1 183 1 299 1
123 1 591 1
88 2 319 1
62 1 639 1
173 1 517 1
252 1 332 1
252 1 332 1
173 1 517 1
298 1 461 1
337 1 525 1
98 1 116 1
627 1 678 1
67 1 473 1
158 3 615 1
173 1 517 1
357 1 473 1
1 1 428 1
180 1 636 1
7 1 264 1 265 1 478 1
50 1 143 1 178 1
113 2 184 2 276 4 333 1 370 2 390 1 398 1 409 1 427 1 459 1 479 3 484 1 490 1 655 1 665 2
123 1 202 1 403 1 488 1 585 1 671 1
191 1 476 1 495 2
116 2 161 1 198 1 231 2 232 1 244 3 304 3 315 1 388 1 395 1 470 1 492 1 514 1 541 1 564 1 592 1 603 1 605 1 607 1 646 2
289 2 455 1 626 2
196 1 334 1 504 1
79 1 85 1 302 1 411 1 562 1
315 1 558 1 693 1
429 2 501 2 571 1
252 1 332 1 647 3
44 1 591 1 593 2
8 1 40 1 53 1 68 1 71 1 72 1 82 1 96 2 147 1 165 1 215 2 225 1 240 1 270 1 271 1 300 1 342 1 375 1 378 1 425 1 439 1 477 1 528 1 536 1 578 1 589 1 603 1 605 1 614 1 677 1 688 1
75 1 288 1 683 1
134 2 161 1 174 2 301 2 467 2 514 1 608 2 659 2
97 3 496 1 551 1 662 1
143 1 564 1 575 2
230 8 232 1 349 3 350 2 542 1 609 1
69 1 177 1 491 1
70 1 84 1 460 1 497 1 515 1 573 1 612 1
197 3 455 2 457 1
7 3 22 2 23 1 26 1 38 2 39 2 48 1 52 1 76 1 78 1 87 1 94 2 99 1 121 1 134 1 136 1 146 1 172 1 174 1 183 1 202 4 213 1 228 2 230 3 236 1 245 1 257 1 264 3 274 1 276 1 285 1 287 1 299 1 301 1 324 1 351 1 352 1 356 1 361 2 363 1 372 1 389 2 401 1 413 1 423 1 427 2 440 1 445 1 447 1 478 3 482 1 491 1 506 1 518 1 523 1 530 6 531 1 536 1 551 1 555 1 560 1 606 1 611 1 616 1 628 1 655 1 659 1 679 1 683 2 684 1 687 1 699 1 700 1
77 1 356 1 467 2 608 1
429 1 501 1 571 2
213 1 367 1 522 1 642 1
73 1 248 1 613 1
111 1 193 1 241 1 403 1 487 1 488 1
53 1 271 1 536 2
274 2 289 6 306 3 455 2 626 6
414 1 430 1 431 1 650 1
481 1 582 1 597 2
47 1 51 1 223 1 224 1 234 1 236 1 275 1 316 1 349 1 385 1 393 4 406 1 436 1 457 1 463 1 494 2 508 4 537 1 581 2 613 1 641 1 682 2 696 1
7 1 51 1 68 3 69 1 71 1 114 2 123 1 125 1 147 1 148 1 154 2 171 1 172 1 177 1 181 2 198 1 244 1 264 1 272 1 279 1 282 1 283 1 284 1 288 1 304 1 307 3 342 1 363 1 396 1 399 1 404 1 412 1 425 1 458 4 459 1 476 1 477 2 478 1 483 1 490 2 491 1 499 1 503 1 534 1 539 1 572 3 577 2 578 1 582 1 603 1 631 3 647 2 657 2 662 1 664 2 665 1 676 1 677 1 680 1 681 1
113 1 585 2 628 1
348 1 594 1
299 2 344 1
110 2 673 2
207 1 325 1
16 1 344 1
349 3 601 2
334 1 344 1
533 2 606 1
484 1 623 1
71 1 77 1 147 1 223 3 677 1
10 2 367 1 522 1 664 1
38 1 388 1 395 1 492 1
72 1 388 1 395 1 492 1
152 1 364 1 625 1 631 1
161 1 244 2 256 1 304 2 367 1 505 1 514 1 522 1 541 2 560 1 592 1 698 1
146 1 156 1 245 2 267 1 285 2 303 1 391 1 413 1 416 2 440 1 531 1 628 1 655 1 679 1
274 1 276 2 695 1
86 2 584 3
427 1 503 3
315 1 390 1 557 1
29 1 47 1 99 1 103 1 112 1 136 2 152 1 179 2 220 1 246 1 340 1 342 1 360 1 364 1 372 1 404 1 432 1 443 1 446 1 454 1 484 1 559 1 585 1 625 1 631 1 675 1 681 3
39 2 51 2 69 1 86 5 105 1 133 1 137 1 158 1 177 1 191 2 207 1 212 1 213 1 245 1 269 3 333 1 352 1 353 1 375 1 439 1 457 1 467 2 476 2 491 1 524 1 525 1 564 1 573 1 584 2 588 1 607 1 608 2 637 3 640 1 679 1 693 1
11 1 38 1 68 1 93 1 122 1 181 1 191 1 232 1 266 2 347 1 393 2 432 1 459 1 476 1 508 2 635 3 658 2 682 2
278 2 394 2
269 2 614 2
43 1 230 1 299 3 356 1
197 2 205 1 342 1 347 2 503 1 506 1
9 1 10 1 26 1 40 1 70 1 79 3 84 1 85 1 122 1 123 1 137 1 172 5 173 2 204 1 256 1 258 1 265 1 266 1 269 8 276 4 302 1 333 1 359 1 362 1 375 1 409 1 411 1 430 1 431 1 435 2 439 1 446 1 459 1 487 1 497 1 504 1 515 1 517 2 562 1 591 2 593 1 614 2 620 1 644 1 650 1 651 1 658 1 672 1
82 4 114 2 390 1 529 4 589 4 591 1 615 1
287 1 315 1 557 1
40 1 75 1 228 2 235 1 278 2 394 2
121 1 401 1 404 1 699 1
181 1 459 1 635 3 682 2
78 1 121 1 401 1 699 1
78 1 121 1 401 1 699 1
78 2 121 1 401 1 699 1
78 1 121 1 401 1 699 1
78 1 121 1 401 1 699 1
47 1 99 1 528 1
184 1 306 2 390 1
119 1 272 1 404 2 677 1
156 1 267 1 391 1 574 1
113 2 156 1 267 1 391 1
12 2 78 1 79 1 86 1 202 3 204 1 208 5 232 1 348 1 349 3 396 6 403 2 474 1 482 1 488 2 521 4 534 2 550 2 584 1 615 1 623 5 645 2 652 2
289 2 626 2
125 1 255 1
193 1 583 1
408 1 654 1
452 1 607 1
236 2 602 1
208 1 654 1
16 1 23 1
237 1 370 1 470 1
8 2 131 1 436 1 525 1 641 1
4 1 155 1 294 1 356 3 606 1
146 1 245 1 440 1 679 1
42 1 342 2 347 2 503 1
333 1 367 1 522 1 537 2
73 1 193 2 470 1 489 1
53 2 68 1 72 1 75 2 76 1 77 1 87 1 108 1 197 1 213 1 232 1 239 1 240 1 245 1 271 2 323 5 331 1 348 2 375 1 388 2 395 2 410 1 434 1 435 1 439 2 474 1 477 1 492 2 536 2 547 1 556 1 575 1 582 1 603 1 616 1 679 1 680 1
69 1 70 1 78 1 80 1 81 1 84 1 177 1 183 1 207 1 223 1 324 1 350 1 491 1 497 1 515 1 573 1 629 1 640 1
99 2 158 1 404 1 474 1
85 1 302 1 411 1 562 1
85 1 302 1 411 1 562 1
85 1 302 1 411 1 562 1
85 1 302 1 411 1 562 1
85 1 302 1 411 1 562 1
85 1 302 1 411 1 562 1
44 1 48 1 74 1 90 1 104 1 123 1 136 2 183 3 184 1 208 1 235 1 260 1 306 2 344 1 363 1 390 1 480 1 499 1 535 2 680 2 701 2
184 1 268 1 286 1 582 1
79 1 184 3 201 1 362 3 387 2 669 1
198 1 236 1 385 1
52 1 280 1 700 1
241 1 273 2
47 1 548 2 551 3
146 1 440 1 655 1 679 1
207 1 640 1 647 2
23 1 112 1 172 1 181 1 263 1 396 1 405 2 414 1 457 1 502 1 605 1 647 2
171 2 502 1 611 1 684 2
228 1 647 3
220 2 279 1 398 1 535 1 578 1 701 1
1 1 20 1 46 1 51 1 106 1 119 1 123 1 181 1 289 1 323 1 342 1 368 2 424 1 443 1 456 1 535 1 626 1 629 1 657 3 665 1 666 1 669 1 701 1
24 1 27 1 53 1 99 2 159 1 222 1 262 1 271 1 289 1 367 1 375 1 439 1 448 1 457 3 522 1 536 1 545 1 621 1 626 1 639 1 642 1 645 1 661 1
162 1 243 1 683 1
181 1 279 1 362 1
449 1 535 1 681 1 701 1
48 1 287 1 611 1 684 1
136 2 183 2 458 1
52 1 489 1 700 1
41 1 158 5 389 1 456 3
113 1 225 1 268 1 286 1 564 2 575 1
77 1 286 2 676 1
68 1 70 1 71 1 77 1 84 1 113 1 147 1 154 1 196 1 221 1 223 5 225 1 259 1 279 1 307 1 311 1 367 1 385 1 402 2 429 2 462 1 463 1 497 1 501 2 504 1 515 1 522 1 539 1 571 1 577 1 598 1 599 1 637 2 677 1 680 2
467 3 608 3
