201 106 984
17 5 26 4 33 3 35 2 39 5 64 2 75 2 99 4 101 3 102 5
29 2 51 3 70 6 71 1 86 6
12 1 15 1 17 3 25 1 32 2 48 1 51 1 54 1 59 1 62 1 67 1 70 1 86 1 87 1 88 1 91 1 94 1 95 1 98 1 101 1 104 1
19 1 23 1 27 1 30 6 34 1 36 1 45 1 67 3 76 1 78 3 80 1 82 3 93 2 94 4 98 1 103 1
4 2 22 2 56 2 60 2 63 3 65 2 80 3
48 4 59 4 73 2 87 3 90 2 91 2 104 4
48 5 59 4 73 3 87 4 90 2 91 2 104 5
21 5 38 5 106 6
62 1 83 1 95 1
8 2 20 3 49 3 57 3 61 3 72 2
5 1 11 5 31 1 34 1 53 1 66 1 88 1 103 1 105 2
4 1 22 2 56 2 60 2 65 2 80 2
4 1 22 2 56 2 60 2 65 2 80 2
4 1 8 1 15 1 18 1 19 3 27 1 29 2 39 2 40 2 43 1 51 3 52 2 53 4 57 1 62 1 63 1 64 1 67 1 70 7 71 1 74 3 78 5 79 1 81 1 82 5 83 1 86 7 87 1 90 1 100 1
8 3 20 1 25 3 43 1 49 3 54 3 57 2 61 1 72 2
30 7 67 5 94 5
14 2 17 1 32 2 41 3 58 1 83 1 92 3
5 1 14 2 23 1 68 1 85 2 103 2
10 1 27 2 32 1 39 1 44 1 55 1 62 1 66 1 69 2 83 1 95 1 101 2
9 1 11 5 46 1 88 4
48 3 59 4 73 1 87 1 90 1 104 3
1 2 2 2 8 4 9 1 10 2 11 1 13 1 14 5 16 1 18 2 20 3 21 1 24 1 25 2 27 2 29 1 32 1 35 1 36 1 37 2 38 1 40 1 41 6 43 1 45 1 46 1 47 1 50 2 53 2 54 5 61 3 62 2 63 1 64 1 69 2 73 1 74 1 75 1 77 1 79 1 81 3 83 4 84 1 85 5 88 1 92 3 100 2 105 2 106 2
30 1 48 1 59 2 62 1 67 1 87 2 90 3 91 1 94 1 104 1
4 1 22 1 25 1 46 1 56 1 58 1 60 1 65 1 80 1 90 1
8 3 12 3 20 2 55 1 57 2 61 2 96 1
48 2 59 1 73 2 87 3 104 2
29 1 70 1 71 1 86 1
26 1 33 1 39 2 52 4 64 1 99 1 101 1
2 1 21 2 38 2 106 2
15 1 42 2 51 2 55 2 70 2 86 2 88 2 98 1 102 1
12 1 22 2 25 2 36 1 54 1 56 1 59 1 60 1 78 1
26 1 30 2 33 1 36 1 39 1 60 1 62 1 73 1 94 1 98 1 99 1
12 1 22 2 25 1 36 1 54 2 56 1 78 1 80 1
12 1 15 1 16 1 17 3 25 1 27 1 29 2 32 2 36 1 46 1 47 1 48 1 51 5 52 1 53 8 54 1 59 3 62 2 64 1 66 1 67 1 70 3 71 1 74 1 77 1 83 1 86 3 87 1 88 2 91 1 94 1 95 1 97 1 98 1 101 1 104 1 105 3
48 1 55 1 59 2 87 1 90 2 91 1 104 1
8 1 26 1 68 3 71 1 97 1 99 1
14 1 89 1
13 1 18 1 41 1 89 1
4 1 22 1 56 1 60 1 65 1 80 1
13 1 18 2 19 1 21 2 36 1 37 3 38 2 46 1 50 3 52 1 67 1 69 2 79 2 83 2 96 1 97 1 100 2 105 1 106 2
22 1 51 1 56 1 60 1 65 1 80 2
25 1 48 1 54 1 59 1 73 1 87 1 91 1 104 1
12 1 16 2 48 1 59 1 87 1 91 1 104 1
9 1 83 3 92 1
22 1 56 1 60 1 65 1 80 1
21 2 38 2 106 2
9 1 24 1 76 1 87 1 91 2
17 2 26 1 33 1 99 1 101 1 102 1
23 1 49 2 57 1 72 2 76 3
17 3 35 2 75 2 102 1
19 2 78 3 82 2
2 1 29 1 41 1 64 1 83 1 84 1
48 1 59 1 87 1 90 1 91 1 104 1
5 2 9 3 10 1 11 3 12 1 16 1 19 3 21 1 26 1 32 1 33 1 38 1 39 1 40 1 41 3 47 1 63 1 78 1 82 1 83 3 92 1 99 1 106 1
52 1 93 2
11 1 43 1 47 1
26 1 33 1 35 1 64 1 75 1 99 1
26 1 33 1 35 1 64 1 75 1 99 1
2 1 12 1 16 2 17 1 19 1 51 3 53 1 63 1 74 1
10 1 42 1 98 2
8 1 20 3 25 1 49 1 52 1 54 1 57 1 61 3 63 1 67 1 72 1 94 1
48 1 59 1 90 1 91 1 104 1
3 1 4 1 39 1 56 1 60 1 88 1
29 1 51 1 84 1
26 2 33 2 99 2
8 1 19 1 36 1 52 1 54 1 63 1 67 1
4 1 15 1 17 1 28 1 35 1 75 1 81 1
8 1 20 1 49 1 61 1 72 1
30 2 37 1 50 1 94 2
7 1 23 1 28 1 34 1 81 1
24 1 34 2 35 1 75 1
19 1 34 1 78 4 105 1
48 1 73 1 87 1 104 1
19 2 78 1 82 2
19 3 78 1 82 2
26 1 33 1 99 1 101 1
26 1 33 1 99 1 101 1
26 1 33 1 99 1 101 1
39 1 101 2
1 1 3 2 46 1
37 1 50 1 93 1
33 2 52 1 93 1
4 2 60 3 63 1 80 1
8 1 20 1 25 1 54 1 61 1
20 1 49 1 61 1 72 1
22 1 25 1 59 1 91 1
35 2 53 1 75 2
1 1 97 2
3 1 14 2 15 1
34 1 55 1 76 2
79 2 100 3
79 2 100 3
37 1 50 1 58 1 68 1
22 1 56 1 80 1
13 1 23 2
48 1 81 1 87 1 104 1
21 1 38 1 106 1
21 1 38 1 106 1
21 1 38 1 106 1
21 1 38 1 106 1
21 1 38 1 106 1
17 6 26 5 33 4 35 5 39 5 64 2 75 5 99 5 101 3 102 6
35 1 75 1 92 1
18 1 52 1 100 1 105 1
11 1 13 1 26 1 33 1 35 1 42 1 49 1 54 1 55 1 60 1 62 1 64 1 72 1 75 1 84 1 88 1 92 1 99 1 101 1
32 1 53 2
1 1 10 1 37 1 39 1 50 1 52 3 66 2 76 3 79 1 83 1 100 1
19 1 83 1 105 1
12 1 43 3
28 1 96 2
16 1 45 1 63 1 73 1 74 1 76 5 85 5 93 1 101 1
5 1 6 1 69 2 73 1
10 1 11 1 14 4 27 1 100 2
81 1 105 2
44 1 53 1 58 1
30 1 67 1 94 1
30 1 67 1 94 1
30 1 67 1 94 1
30 1 67 1 94 1
4 1 60 1 63 1
3 1 96 1 105 1
36 1 46 1 79 1
19 3 78 1 82 1
12 4 55 2
8 1 23 1 27 1 34 1 39 1 45 2 48 1 73 1 87 1 104 1
37 1 50 1 58 1
48 1 87 1 104 1
17 1 102 1
35 2 75 2
3 2 42 1
17 1 102 1
26 1 33 1 99 1
26 1 33 1 99 1
26 1 33 1 99 1
26 1 33 1 99 1
26 1 33 1 99 1
8 1 20 1 61 1
3 1 20 1 61 1
18 3 39 2
19 1 78 2
29 1 51 1 59 1
3 1 34 1 88 1
32 2 37 1 50 1
1 1 9 1 43 1
79 1 100 3
79 1 100 2
79 2 100 2
1 1 81 2
79 2 100 2
8 1 18 1 20 1 61 1
20 1 34 1 61 1 76 1
13 1 23 2 37 1 50 1
11 1 14 1 100 1
3 1 9 2
17 1 64 1
3 1 10 6 18 3 39 4 51 1
4 1 25 1 30 1 54 1 63 1 67 1 80 1 94 1
39 1 101 1
34 4 45 1
25 1 40 1
41 1 45 1
1 2 9 1 74 1
25 2 54 2
25 2 54 2
25 3 54 3
12 1 16 2 26 1 33 1 43 3 66 1 99 1
25 2 36 1 54 2
25 1 36 1 54 1
32 1 45 1 76 1
17 1 19 1 43 1 55 1 67 1 74 1
68 3 97 1
10 1 83 1
59 1 90 1
55 1 79 1 83 1
70 1 86 1
19 1 82 1
19 1 82 1
49 1 72 1
49 1 72 1
70 1 86 1
49 1 72 1
70 1 86 1
49 1 72 1
49 1 72 1
70 1 86 1
53 2 82 1
19 1 67 1
49 2 72 2
49 1 72 1
49 1 72 1
78 1 82 1
70 1 86 1
19 1 82 1
49 1 72 1
30 1 67 1
49 1 72 1
70 1 86 1
78 1 82 1
49 1 72 1
70 1 86 1
70 1 86 1
